4
47
477
4773
47736
477368
4773688
47736884
477368845
4773688456
47736884562
477368845620
4773688456205
47736884562051
43
430
4307
43078
430784
4307846
43078467
430784676
4307846760
43078467603
430784676033
4307846760335
8
83
836
8367
83671
836712
8367128
83671283
836712836
8367128365
83671283656
836712836564
8367128365647
2
24
247
2474
24748
247481
2474815
24748157
247481576
2474815762
1
12
123
1230
12305
123051
1230517
12305174
123051744
1230517446
3
31
319
3199
31994
319948
3199483
31994831
319948316
3199483169
31994831693
319948316936
3199483169365
31994831693656
9
94
941
9411
94113
941132
9411325
94113252
941132520
5
51
517
5171
51710
517103
5171032
0
07
070
0700
07008
070086
0700869
07008698
070086987
0700869879
07008698794
20
202
2028
20285
202858
2028589
20285891
202858918
2028589185
20285891851
7
78
786
7868
78683
786836
7868361
78683618
25
258
2581
25818
258180
2581808
25818081
258180810
2581808100
49
497
4976
49766
497668
4976688
49766889
497668891
4976688914
49766889147
497668891474
946
9465
94656
946568
9465682
94656825
946568254
9465682548
94656825483
946568254832
9465682548323
94656825483233
6
63
633
6338
63386
633861
6338619
63386198
633861988
6338619889
63386198890
633861988905
48
484
4842
48427
484271
4842712
48427128
484271283
4842712833
82
824
8240
82408
824083
8240839
82408395
824083950
8240839502
489
4897
48978
489785
4897856
48978566
489785662
4897856624
48978566241
27
275
2751
27519
275199
2751992
27519924
23
232
2322
23226
232261
2322613
23226135
232261355
2322613558
23226135581
232261355814
2322613558140
23226135581404
56
560
5600
56007
560072
5600720
56007206
560072067
5600720670
56007206709
61
616
6160
61603
616034
6160343
61603436
616034360
6160343606
28
283
2839
28391
283916
2839167
28391670
283916702
2839167026
03
030
0309
03099
030993
0309939
03099393
030993931
0309939318
03099393180
832
8328
83284
832841
8328412
19
196
1965
19656
196563
1965638
19656381
196563814
1965638140
19656381409
196563814096
1965638140962
19656381409622
196563814096228
17
179
1791
17912
179128
1791283
17912830
179128307
1791283072
17912830725
68
688
6883
68839
688395
6883958
68839588
688395888
6883958888
68839588885
688395888856
6883958888569
68839588885696
26
262
2627
26276
262763
2627636
26276367
08
087
0875
08757
087574
0875746
08757467
087574679
0875746792
08757467926
087574679267
16
165
1654
16543
165439
1654391
16543911
165439111
1654391112
197
1973
19738
197382
1973821
19738217
197382178
1973821781
19738217813
73
739
7394
73940
739400
7394009
73940093
739400931
7394009315
73940093151
739400931518
11
111
1113
11135
111359
1113593
11135932
111359323
1113593230
72
720
7209
72090
720902
7209028
72090280
720902800
7209028008
72090280081
720902800815
7209028008158
21
214
2146
21469
214699
2146995
21469952
214699526
2146995269
21469952690
214699526906
05
050
0502
05025
050250
0502506
05025063
050250635
0502506351
05025063519
54
540
5408
54087
540876
5408762
54087628
540876280
5408762807
034
0346
03463
034634
0346340
03463404
034634040
0346340406
784
7845
78456
784562
7845626
78456267
784562676
7845626769
78456267696
237
2378
23788
237888
2378883
23788833
237888336
2378883364
23788833643
237888336436
2378883364361
780
7807
78074
780743
7807430
78074308
780743085
7807430857
78074308572
91
917
9175
91757
917579
9175795
1231
12314
123149
1231491
12314910
123149105
1231491053
12314910538
513
5131
51312
513122
5131227
51312272
513122726
5131227263
51312272633
513122726336
5131227263362
51312272633620
22
221
2216
22160
221604
2216049
22160498
221604981
2216049819
22160498195
221604981955
2216049819556
22160498195564
221604981955647
913
9136
91364
913640
9136402
91364029
913640298
9136402988
91364029882
913640298827
9136402988274
64
640
6409
64090
640902
6409029
64090297
640902974
6409029743
64090297430
640902974302
6409029743023
98
980
9807
98072
980725
9807258
98072586
980725862
9807258627
98072586272
13
138
1381
13814
138145
1381452
13814520
138145209
1381452097
13814520979
138145209797
1381452097971
13814520979718
29
295
2956
29565
295652
2956525
29565251
295652516
2956525161
29565251611
295652516112
2956525161125
29565251611257
826
8269
82691
826914
8269147
82691470
826914709
8269147092
82691470922
14
146
1468
14683
146832
1468327
14683274
74
745
7453
74536
745367
7453675
74536752
745367526
7453675268
74536752682
745367526829
144
1441
14418
144185
1441858
14418587
481
4813
48132
481324
4813240
48132404
481324042
4813240424
883
8834
88347
883475
8834758
88347583
883475835
8834758350
88347583504
883475835048
18
188
1888
18889
188897
1888975
18889757
188897579
1888975792
18889757925
188897579257
2182
21827
218273
2182736
50
509
5096
50961
509613
5096130
50961305
541
5417
54176
5417689
54176899
35
351
3513
35133
351338
3513388
35133882
351338829
3513388299
35133882997
351338829976
3513388299769
194
1949
19490
194909
1949091
19490914
194909141
057
0576
05760
057602
0576028
05760282
057602825
0576028257
05760282571
057602825711
09
097
0977
09771
097718
0977183
09771834
097718344
0977183447
09771834479
097718344797
0977183447974
09771834479745
097718344797455
0977183447974551
45
452
4525
45257
452579
4525794
45257941
452579410
4525794104
45257941047
452579410470
073
0736
07361
073610
0736107
07361077
073610779
0736107794
07361077945
073610779451
0736107794510
33
335
3356
33565
335657
3356574
33565745
335657454
10
102
1025
10250
102501
1025012
10250123
102501230
1025012306
10250123060
34
344
3443
34432
344322
3443228
06
064
0642
06423
064231
0642318
06423186
064231867
0642318670
06423186700
81
818
8182
81821
818218
8182184
81821849
818218497
8182184973
81821849735
563
5636
56360
563602
5636029
56360293
563602932
5636029320
56360293201
563602932010
5636029320101
30
301
3018
30187
301870
3018701
30187018
301870183
3018701839
30187018392
334
3349
33493
334934
3349349
33493491
334934916
3349349166
33493491662
334934916629
3349349166298
33493491662988
334934916629882
3349349166298827
40
407
4070
40704
407040
4070402
071
0711
07116
071161
0711610
07116104
97
972
9724
97242
972429
9724299
97242991
972429916
9724299166
97242991661
972429916616
9724299166163
65
659
6592
65928
659283
6592833
65928331
659283319
6592833195
65928331955
482
4828
48288
482888
4828886
48288860
482888607
36
362
3622
36224
362241
3622412
36224121
362241211
3622412111
36224121112
362241211125
3622412111259
36224121112597
362241211125979
3622412111259790
916
9160
91601
916010
9160104
91601049
916010496
9160104965
91601049659
916010496594
562
5629
56294
562940
5629405
56294052
562940521
5629405214
56294052147
360
3607
36076
360765
3607655
36076558
360765589
3607655897
36076558979
360765589799
213
2139
21391
213914
2139147
126
1264
12643
126434
1264342
12643424
126434249
1264342492
12643424929
077
0777
07771
077718
0777185
07771858
077718587
27857
278577
2785770
27857708
278577084
2785770849
27857708497
730
7307
73073
730739
7307398
73073983
730739832
7307398329
46
469
4694
46940
469409
4694094
46940942
469409425
4694094256
46940942569
835
8359
83590
835908
8359089
83590898
835908983
8359089834
83590898343
835908983433
812
8128
81286
812867
8128671
81286714
812867146
8128671461
81286714614
812867146143
8128671461439
468
4687
46879
468793
4687931
46879313
468793131
76
761
7614
76142
761421
7614214
76142145
761421453
7614214536
1237
12377
123773
1237733
12377334
123773346
1237733462
219
2196
21965
219653
2196531
21965310
219653100
2196531009
912
9126
91268
912683
9126837
91268370
912683702
9126837025
91268370259
912683702590
9126837025907
91268370259074
162
1626
16267
162675
1626752
16267520
162675206
1626752061
16267520615
162675206150
1626752061507
99
999
9994
99944
999449
9994497
99944979
999449791
9994497913
57
579
5793
57936
579369
5793693
57936939
579369398
5793693984
57936939846
579369398466
5793693984669
330
3309
33091
330918
3309188
33091880
330918805
3309188055
33091880554
79
792
7924
79246
792460
7924605
450
4502
45025
450255
4502551
346
3465
34657
346572
3465720
34657205
346572056
3465720565
34657205656
346572056565
3465720565653
34657205656530
1118
11185
111857
1118572
11185720
111857204
1118572048
11185720489
111857204893
1118572048935
11185720489359
111857204893595
613
6135
61355
613557
6135572
61355721
613557211
439
4395
43953
439531
4395314
43953141
439531414
4395314149
43953141496
147
1474
14747
147475
1474754
14747545
147475458
1474754584
41
410
4108
41088
410880
4108800
074
0747
07477
074777
0747773
07477733
074777330
0747773302
07477733022
074777330221
0747773302215
07477733022152
074777330221523