253353531521235121555211
253353531521235121555211554523551
233143522211
2331435222112334551
2331435222112334551545452123511
35215551235521235255211
234343531523352452155315211
2343435315233524521553152112511
34512333333555352451
3451211
34512112352415531553524221
3121
312141141533534253155534452352151
3511
351143551
351143551151
351143551151541351151
351143551151541351151411
351143551151541351151411151
351143551151541351151411151151
2533512352545155451
3545233533555252351
53511
53511151
53511151155333534451
535111511553335344511555351211
3325351235451
3325351235451411
33253512354514112222233452551
33253512354514112222233452551415511
53335351535221
5333535153522143545552535451
3432512335523551
3432512335523551531551
344525322335351211
34452532233535121141235255535321
2334532535451
233453253545123511
233234552335153351554555342151
223323113222533555535321
22332311322253355553532154135211
35455353351
332234551155551
223511
22351143335555221
22351143335555221411
512123333511
512123333511435321
51212333351143532122314511
233222344311351
511
511554523335121211
22253352511
515335344553545533522533335451
34414332515511
344143325155114155521212155321
2235322123352452333511
2311345355552253355533521553551
3411443451211
341144345121153452411
3345553335315215335215215335221
2515355215511
251535521551143552121211
2535322335315233333552335255211
5155221
51552211523335215533352351
34135212355211
