1162019150430093
116201915043009387988
1162019150430093879885
11620191504300938798858505915673
116201915043009387988585059156735
116201915043009387988585059156735173
1162019150430093879885850591567351731886679420152006893
1078
10785
1078522
107852283805891
10785228380589184473
107852283805891844735
1078522838058918447351043019181
10785228380589184473510430191811879591
10785228380589184473510430191811879591718
1078522838058918447351043019181187959171821
107852283805891844735104301918118795917182138407179189992
2593
25931991543
259319915435
25931991543524577458
25931991543524577458240050018
259319915435245774582400500185
259319915435245774582400500185837176907
259319915435245774582400500185837176907781
9181
918170891
918170891838083
91817089183808330768
9181708918380833076885793
9181708918380833076885793272046781143
91817089183808330768857932720467811438811901473
918170891838083307688579327204678114388119014738948711907
9909952
9909952379914873
99099523799148738999157897
9909952379914873899915789721
99099523799148738999157897218507301905592
9909952379914873899915789721850730190559231777578
9909952379914873899915789721850730190559231777578292
9909952379914873899915789721850730190559231777578292778
543
543107750005688873
54310775000568887389182
5431077500056888738918216910727590049948
54310775000568887389182169107275900499481873
30420594420088891573
3042059442008889157377281
304205944200888915737728170852
30420594420088891573772817085222
304205944200888915737728170852223891
304205944200888915737728170852223891836893
3048
304822
3048225
30482255
3048225583089073
30482255830890738373
304822558308907383735
304822558308907383735846019957491307
304822558308907383735846019957491307109994739906873
30482255830890738373584601995749130710999473990687330852
3048225583089073837358460199574913071099947399068733085222
600030303715997
6000303037159975
60003030371599753143
600030303715997531431094797
60003030371599753143109479721
600030303715997531431094797215
60003030371599753143109479721570573
600030303715997531431094797215705735
6000303037159975314310947972157057355
600030303715997531431094797215705735570179200728951
600030303715997531431094797215705735570179200728951180783
5779159181
57791591815
5779159181524547
57791591815245478578
57791591815245478578705899467811201473
2178176620066671891
21781766200666718915
2178176620066671891538411566871569948
93
932408995951
932408995951891560373
932408995951891560373104600688997
9324089959518915603731046006889973768
9324089959518915603731046006889973768782
3051
30515
3051510371891
30515103718912545743
30515103718912545743381
30515103718912545743381855899544795675599551
3051510371891254574338185589954479567559955121
305151037189125457433818558995447956755995512171497
3051510371891254574338185589954479567559955121714975
3054578
305457821
3054578215
30545782151997
3054578215199721
3054578215199721173
30545782151997211735
3054578215199721173587369178
3054578215199721173587369178759948
305457821519972117358736917875994829976757382
3054578215199721173587369178759948299767573825
3054578215199721173587369178759948299767573825376204207
48668866893
48668866893893008918452
48668866893893008918452705078114907107258889948
486688668938930089184527050781149071072588899488581
4866886689389300891845270507811490710725888994885818958
8497
84973016204491184578
8497301620449118457887458
84973016204491184578874587018
84973016204491184578874587018299991
849730162044911845788745870182999915
10560393
10560393778
105603937785
10560393778524592
10560393778524592193
105603937785245921937847
105603937785245921937847705038671847
10560393778524592193784770503867184718893
10560393778524592193784770503867184718893193
10560393778524592193784770503867184718893193358871143
105603937785245921937847705038671847188931933588711435
10560393778524592193784770503867184718893193358871143527907
259330078
259330078893047750573
25933007889304775057384607
259330078893047750573846071099114913051
2593300788930477505738460710991149130513753
259330078893047750573846071099114913051375385593
607
607883
607883357187207
6078833571872072578
60788335718720725788499159015901493
607883357187207257884991590159014935
607883357187207257884991590159014935252
6078833571872072578849915901590149352523727991307
9318680578
931868057831792874118
931868057831792874118776643
93186805783179287411877664322
93186805783179287411877664322193
931868057831792874118776643221935
9318680578317928741187766432219358581
843
84338959991
843389599915
8433895999157177988
843389599915717798821
8433895999157177988217721418778951
8433895999157177988217721418778951883
843389599915717798821772141877895188383699420191089400393
604643
6046435
60464355
604643552594008187901479073
6046435525940081879014790732448
60464355259400818790147907324485
604643552594008187901479073244855
6046435525940081879014790732448558430160093
6046435525940081879014790732448558430160093251
604643552594008187901479073244855843016009325118891730852
607781
60778175790609278
607781757906092781997
607781757906092781997381
60778175790609278199738122
60778175790609278199738122272054009301604207
607781757906092781997381222720540093016042075
6077817579060927819973812227205400930160420751873
6077817579060927819973812227205400930160420751873785451
471174568
47117456825547
47117456825547357118
47117456825547357118193
4711745682554735711819335073666860947118
4711745682554735711819335073666860947118372793
471174568255473571181933507366686094711837279385580993
4711745682554735711819335073666860947118372793855809935
47117456825547357118193350736668609471183727938558099355
30481093044181
3048109304418170593
30481093044181705933721415693
304810930441817059337214156935
935
9351807488
935180748821
9351807488217509282
93518074882175092825
93518074882175092825719016051
93518074882175092825719016051274178
93518074882175092825719016051274178378
17218
172185
172185105852
172185105852382
172185105852382278
172185105852382278373073078
1721851058523822783730730781691768
17218510585238227837307307816917688940895972006795408686873
156808911081
15680891108122
15680891108122830488
15680891108122830488173
1568089110812283048817310897
1568089110812283048817310897193
15680891108122830488173108971931083
15680891108122830488173108971931083375948
1568089110812283048817310897193108337594817185768
1568089110812283048817310897193108337594817185768292
604207
6042075
604207516794904207
6042075167949042071671730081
60420751679490420716717300815
60420751679490420716717300815109304207
60420751679490420716717300815109304207318
604207516794904207167173008151093042073187007214172007278
60420751679490420716717300815109304207318700721417200727821
5907
590787581
590787581300078
59078758130007870874948
5907875813000787087494889300077399579006689181
59078758130007870874948893000773995790066891813017810852
590068693
5900686935
590068693585840997
590068693585840997297207
590068693585840997297207173
5900686935858409972972071735
59006869358584099729720717355
5900686935858409972972071735524544205777817643
59006869358584099729720717355245442057778176438582
5900686935858409972972071735524544205777817643858229947
59006869358584099729720717355245442057778176438582299475
27316783
273167837081
2731678370813847
2731678370813847300593
27316783708138473005935
27316783708138473005935717572149557739116907
273167837081384730059357175721495577391169072400758774843
2731678370813847300593571757214955773911690724007587748435
2005609282
20056092823852
200560928238527844411494900866795451
20056092823852784441149490086679545184112051
200560928238527844411494900866795451841120517847
282
2825
282577282
282577282758871072791767755686888693
2825772827588710727917677556868886933738775738767581
28257728275887107279176775568688869337387757387675815
282577282758871072791767755686888693373877573876758155
9952
9952779178
99527791785
995277917851081016204737118
9952779178510810162047371181096052
99527791785108101620473711810960522416012082
995277917851081016204737118109605224160120822554191767393
60783055710081
6078305571008138952
6078305571008138952775906794774911669047928790552
60783055710081389527759067947749116690479287905523018
6078305571008138952775906794774911669047928790552301875083
105686083
10568608317100764181
105686083171007641815
1056860831710076418157057909181
105686083171007641815705790918122
1056860831710076418157057909181225
1056860831710076418157057909181225778
10568608317100764181570579091812257783082
10568608317100764181570579091812257783082775107649443
279117811200997
2791178112009978811674182
2791178112009978811674182277891479007960130093
93570793
9357079322
93570793223567118
935707932235671187190578
9357079322356711871905783847
9357079322356711871905783847382
93570793223567118719057838473827058043044178
877897
8778971679466411207
87789716794664112075
87789716794664112075782
877897167946641120757823851
877897167946641120757823851292
8778971679466411207578238512925
8778971679466411207578238512925785773893
8778971679466411207578238512925785773893855879091078
86418406868605852
8641840686860585288951
86418406868605852889515
864184068686058528895155
8641840686860585288951557593
864184068686058528895155759322
8641840686860585288951557593228387948
8641840686860585288951557593228387948278
8641840686860585288951557593228387948278292
86418406868605852889515575932283879482782928369157119008797
1177460490490099093
11774604904900990935
11774604904900990935109300893
11774604904900990935109300893373878
117746049049009909351093008933738785
11774604904900990935109300893373878510773673
117746049049009909351093008933738785107736738425044693
1177460490490099093510930089337387851077367384250446935
9119048
91190485
91190485278
9119048527875679091599599994120073168
91190485278756790915995999941200731685
91190485278756790915995999941200731685758046048
911904852787567909159959999412007316857580460485
9119048527875679091599599994120073168575804604855
91190485278756790915995999941200731685758046048555
9119048527875679091599599994120073168575804604855538978
467951
467951781
4679517812743
4679517812743318
467951781274331822
4679517812743318221797
46795178127433182217978815693
467951781274331822179788156938775079951
4679517812743318221797881569387750799518576741177982052
46795178127433182217978815693877507995185767411779820525
491001410082
4910014100827078
49100141008270783573
4910014100827078357335805738992
4910014100827078357335805738992167107995743
49100141008270783573358057389921671079957435
8205768
82057685
820576851030818951
8205768510308189515
82057685103081895158587410017307518
820576851030818951585874100173075185
8205768510308189515858741001730751855
82057685103081895158587410017307518553767391560755917643
820576851030818951585874100173075185537673915607559176435
564156915991487900448893
5641569159914879004488937851
56415691599148790044889378513891
5641569159914879004488937851389175873
5641569159914879004488937851389175873883
5641569159914879004488937851389175873883301415997
56415691599148790044889378513891758738833014159973056673
564156915991487900448893785138917587388330141599730566735
938778178
9387781782991
9387781782991718
9387781782991718879218
9387781782991718879218307284547
9387781782991718879218307284547173
93877817829917188792183072845471738388711775505073168
52016048
52016048180783
520160481807833731620474305779405738720186207
520160481807833731620474305779405738720186207718
52016048180783373162047430577940573872018620771821
520160481807833731620474305779405738720186207718211886997
172588710737511907
172588710737511907193
1725887107375119071935
17258871073751190719353508948
1725887107375119071935350894877991300797
172588710737511907193535089487799130079777285741847
99071059172059951
99071059172059951850019057781768
99071059172059951850019057781768193
990710591720599518500190577817681937001783
9907105917205995185001905778176819370017831797
990710591720599518500190577817681937001783179778951
990710591720599518500190577817681937001783179778951319051
8204207
820420719947508457901607
820420719947508457901607756795775877897
8204207199475084579016077567957758778975
82042071994750845790160775679577587789752592
15077460540997
15077460540997839952
1507746054099783995221
1507746054099783995221278
15077460540997839952212787878
1507746054099783995221278787824093
150774605409978399522127878782409389305720130443
1507746054099783995221278787824093893057201304438458
1507746054099783995221278787824093893057201304438458251
15077460540997839952212787878240938930572013044384582517753
2753
27537571177578
27537571177578857649441076205743
275375711775788576494410762057435
275375711775788576494410762057435291
27537571177578857649441076205743529110792167793011852
27537571177578857649441076205743529110792167793011852883
4911205579008997
49112055790089971880421690467556045207
49112055790089971880421690467556045207705997
491120557900899718804216904675560452077059975
49112055790089971880421690467556045207705997535699449578
49112055790089971880421690467556045207705997535699449578193
178
178247
1782477573
17824775738792162049048
17824775738792162049048193
17824775738792162049048193277960578
17824775738792162049048193277960578707910082
178247757387921620490481932779605787079100823579005847
48041720897783
48041720897783891753
4804172089778389175329415907
48041720897783891753294159073058893
4804172089778389175329415907305889321
4804172089778389175329415907305889321719044118
48041720897783891753294159073058893217190441187166907
4804172089778389175329415907305889321719044118716690722
48041720897783891753294159073058893217190441187166907225
480417208977838917532941590730588932171904411871669072255
82048
820483076690091079118
82048307669009107911887791587951
820483076690091079118877915879511039952
820483076690091079118877915879511039952778
820483076690091079118877915879511039952778381
8204830766900910791188779158795110399527783811711730393
82048307669009107911887791587951103995277838117117303935
307
30787519011016775593
30787519011016775593187185400578
3078751901101677559318718540057837373508951
8431083
84310833738419951
8431083373841995122
84310833738419951222957907
84310833738419951222957907874307
843108337384199512229579078743075
8431083373841995122295790787430755
8431083373841995122295790787430755356686718448
471593
47159324420595544207
4715932442059554420737620089101907
471593244205955442073762008910190721
4910586991607
49105869916071688095757915797
491058699160716880957579157971077446794207
6057204415044673
6057204415044673251
60572044150446732511797
605720441504467325117978415893
6057204415044673251179784158938460073
605720441504467325117978415893846007318803689913052
6057204415044673251179784158938460073188036899130525
60572044150446732511797841589384600731880368991305255
60572044150446732511797841589384600731880368991305255883
25790880993
257908809935
2579088099357579552
25790880993575795525
257908809935757955252790552
2579088099357579552527905521886893
257908809935757955252790552188689385177783
25790880993575795525279055218868938517778322
25790880993575795525279055218868938517778322781
2579088099357579552527905521886893851777832278121
2579088099357579552527905521886893851777832278121247
2579088099357579552527905521886893851777832278121247778
301305551
3013055513190188
3013055513190188169187204905978
301305551319018816918720490597829720449069906693
3013055513190188169187204905978297204490699066935
3013055513190188169187204905978297204490699066935173
5773055791117890997
5773055791117890997169914660581
5773055791117890997169914660581782
5773055791117890997169914660581782845783
57730557911178909971699146605817828457833573
57730557911178909971699146605817828457833573245442012573
5773055791117890997169914660581782845783357324544201257321
56907
56907836893
569078368933573
569078368933573301207
569078368933573301207318
569078368933573301207318179420093
56907836893357330120731817942009330793
5690783689335733012073181794200933079321
56907836893357330120731817942009330793215
569078368933573301207318179420093307932152552
56907836893357330120731817942009330793215255283608157182
3013047460117287641791078
30130474601172876417910783082
3013047460117287641791078308289601862016049051
284552
2845521797
28455217975
28455217975240990879158
284552179752409908791583018
284552179752409908791583018191851
28455217975240990879158301819185175995766494900693
2845521797524099087915830181918517599576649490069318910847
117781143
1177811431997
11778114319978897
117781143199788975
117781143199788975781
117781143199788975781179099473888077360818979052
11778114319978897578117909947388807736081897905222
1177811431997889757811790994738880773608189790522285851
493
4931911783
49319117833799490066997
493191178337994900669978930093
49319117833799490066997893009335671593
493191178337994900669978930093356715935
4931911783379949006699789300933567159357793
49319117833799490066997893009335671593577935
60557207
6055720770599193
605572077059919321
60557207705991932122
605572077059919321222578
6055720770599193212225787120547
605572077059919321222578712054718873
6055720770599193212225787120547188735
6055720770599193212225787120547188735851777387906083
60557207705991932122257871205471887358517773879060837179278
84957200668879420156643
8495720066887942015664325592
8495720066887942015664325592180993
8495720066887942015664325592180993247
84957200668879420156643255921809932475
849572006688794201566432559218099324758488
8495720066887942015664325592180993247584888783
84957200668879420156643255921809932475848887838897
849572006688794201566432559218099324758488878388973573
46871168
468711685
4687116855
468711685570078
468711685570078358083
468711685570078358083193
46871168557007835808319316710504605578
468711685570078358083193167105046055785
468711685570078358083193167105046055785384547
99420420007811794804567748200710508906879557758554420073
281
2815
281584574604204410143
28158457460420441014317944952
2815845746042044101431794495222
28158457460420441014317944952225
28158457460420441014317944952225169118
2815845746042044101431794495222516911887751783
2815845746042044101431794495222516911887751783718
2815845746042044101431794495222516911887751783718378
281584574604204410143179449522251691188775178371837870852
2815845746042044101431794495222516911887751783718378708525
5435
5435191762016013048
54351917620160130481037178
543519176201601304810371785
5435191762016013048103717851990038868797
5435191762016013048103717851990038868797241307
54351917620160130481037178519900388687972413078411643
272081
2720815
27208155
272081555
27208155522
272081555225
27208155522538572008036990711495979011078
2720815552253857200803699071149597901107825743
89059767373
890597673733078
8905976737330788811907
8905976737330788811907259775793
89059767373307888119072597757935
8905976737330788811907259775793510458
890597673733078881190725977579351045885164178
8905976737330788811907259775793510458851641785
87993
8799322
87993225
8799322525592
87993225255923078
8799322525592307835891505753
87993225255923078358915057533586679473873
879932252559230783589150575335866794738731873
879932252559230783589150575335866794738731873781
8799322525592307835891505753358667947387318737815
87484908797
87484908797851792567181
874849087978517925671815
8748490879785179256718158505691141580380775593
60789256075058699191568038887952
607892560750586991915680388879523000730573
60789256075058699191568038887952300073057321
607892560750586991915680388879523000730573212551
60789256075058699191568038887952300073057321255171907
607892560750586991915680388879523000730573212551719075
60789256075058699191568038887952300073057321255171907521
15915866873
1591586687318893
15915866873188931038910000877415873
159158668731889310389100008774158738781573
1591586687318893103891000087741587387815733892
15915866873188931038910000877415873878157338921873
60093
6009389820420156748798792168
600938982042015674879879216887957774304410876789591
1579004212047508972052
15790042120475089720527840873
157900421204750897205278408731997
15790042120475089720527840873199724592
1579004212047508972052784087319972459219952
1014951
1014951191579091143
101495119157909114335693
101495119157909114335693883
10149511915790911433569388322
10149511915790911433569388322193
1014951191579091143356938832219387307399071891
1014951191579091143356938832219387307399071891193
101495119157909114335693883221938730739907189119331904497
3073768
307376875879093
307376875879093787410580308176900917910050366045200997
8795674301258797
87956743012587975
879567430125879758430443
8795674301258797584304431873
8795674301258797584304431873171759554443
8795674301258797584304431873171759554443883
87956743012587975843044318731717595544438837078
8795674301258797584304431873171759554443883707838555951
5205591
520559170753
5205591707535
520559170753521
5205591707535215
520559170753521521
52055917075352152127207
5205591707535215212720784600667118
52055917075352152127207846006671185
5205591707535215212720784600667118522
52055917075352152127207846006671185227586689948
520559170753521521272078460066711852275866899485
520559170753521521272078460066711852275866899485291
875793
875793193
875793193895751775840899199547
8757931938957517758408991995471990710076620466900797
8757931938957517758408991995471990710076620466900797378
20179208790578
201792087905785
20179208790578584543
2017920879057858454316051773607415094886918592
4711207
4711207252
47112072525
471120725258999073
4711207252589990738459012894193
47112072525899907384590128941935
118
1185
1185259541488804307
118525954148880430724540673
1185259541488804307245406735
1185259541488804307245406735255449048
1185259541488804307245406735255449048247
118525954148880430724540673525544904824789918591
1185259541488804307245406735255449048247899185918993
11852595414888043072454067352554490482478991859189935
1185259541488804307245406735255449048247899185918993575873
11852595414888043072454067352554490482478991859189935758735
99188
99188773056717350773991282
991887730567173507739912823878
9918877305671735077399128238783081
9918877305671735077399128238783081274959947
991887730567173507739912823878308127495994771907
158092143
158092143778
15809214377824060960544662014038997
158092143778240609605446620140389975
1580921437782406096054466201403899753878
15809214377824060960544662014038997538781804590420547
15809214377824060960544662014038997538781804590420547381
15809214377824060960544662014038997538781804590420547381278
408118
40811816048746052
40811816048746052382
4081181604874605238221
40811816048746052382212591
4081181604874605238221259170793
4081181604874605238221259170793358899449552
40811816048746052382212591707933588994495523897643
4081181604874605238221259170793358899449552389764322
40811816048746052382212591707933588994495523897643228917668
93277960099490073
932779600994900733568873
9327796009949007335688735
93277960099490073356887358411907
9327796009949007335688735841190722
932779600994900733568873584119072225409947458
9327796009949007335688735841190722254099474585
9327796009949007335688735841190722254099474585278
93277960099490073356887358411907222540994745852781797
9327796009949007335688735841190722254099474585278179730081
46718764951
467187649511074600693
4671876495110746006931717597
4671876495110746006931717597375181
4671876495110746006931717597375181873997
46718764951107460069317175973751818739973007911783
46718764951107460069317175973751818739973007911783883
467187649511074600693171759737518187399730079117838835
460460572052
4604605720525
460460572052589218
4604605720525892183012018491995452
607781883
6077818832442044906688074564119000755660373
60778188324420449066880745641190007556603737793
6077818832442044906688074564119000755660373779371792593
841566886079100586886673
8415668860791005868866737878
84156688607910058688667378785
84156688607910058688667378785252
84156688607910058688667378785252883
841566886079100586886673787852528837751573
30441793
30441793883
30441793883842178911892
3044179388384217891189230735880773803893
30441793883842178911892307358807738038933143
304417938838421789118923073588077380389331437168
30441793883842178911892307358807738038933143716822
3044179388384217891189230735880773803893314371682221
30441793883842178911892307358807738038933143716822215
11674150386860304284073
1167415038686030428407317957497
11674150386860304284073179574973580576773809300718551
116741503868603042840731795749735805767738093007185515
25667944156804257189743
25667944156804257189743179128762012593
2566794415680425718974317912876201259324469013046200673
93187116907
9318711690731690140373
931871169073169014037385078
931871169073169014037385078844871573
9318711690731690140373850788448715733012019101201607
9318711690731690140373850788448715733012019101201607379181
304907
304907785544207
3049077855442075
30490778554420755
304907785544207555
3049077855442075555
304907785544207555518860460441851
3049077855442075555188604604418511893
3049077855442075555188604604418511893300075178
30490778554420755551886046044185118933000751787573
304907785544207555518860460441851189330007517875735
30490778554420755551886046044185118933000751787573570573
4791178
4791178855715699420073
479117885571569942007377997
479117885571569942007377997381
4791178855715699420073779973812597907
4791178855715699420073779973812597907894036079543
479117885571569942007377997381259790789403607954322
52051
5205175083
520517508327641878
52051750832764187883083
520517508327641878830832743
52051750832764187883083274375669900379189057904207
460505718449049048
4605057184490490481997
4605057184490490481997716641081
4605057184490490481997716641081378
46050571844904904819977166410813785
460505718449049048199771664108137855
460505718449049048199771664108137855883
460505718449049048199771664108137855883889462044951
4605057184490490481997716641081378558838894620449517162051
9916042019156997
9916042019156997842878
991604201915699784287830573
9916042019156997842878305737507587204789120018
99160420191569978428783057375075872047891200183593
9916042019156997842878305737507587204789120018359322
28749199093
2874919909370859572016054443
28749199093708595720160544435
2874919909370859572016054443529952
28749199093708595720160544435299528491059907159912899951
890576207
8905762071795974189720599974176904641082
890576207179597418972059997417690464108230143
8905762071795974189720599974176904641082301435
89057620717959741897205999741769046410823014351030811415873
307279019176207
307279019176207179148038997
30727901917620717914803899721
307279019176207179148038997215
30727901917620717914803899721588913006693
3072790191762071791480389972158891300669331748491820468
3072790191762071791480389972158891300669331748491820468278
99159054130540911907
9915905413054091190730000791082
99159054130540911907300007910827895442046907
9915905413054091190730000791082789544204690789600693
2811607517373
28116075173733878
281160751737338787768
28116075173733878776831207
201649449091143
2016494490911435
201649449091143584479182051
20164944909114358447918205110425667156893
2793
27938391847
27938391847381
279383918473813579005082
279383918473813579005082105872054555407952
2793839184738135790050821058720545554079521915873
3075
307524490060386791607
307524490060386791607168794900893
30752449006038679160716879490089389601541851
30752449006038679160716879490089389601541851305997
3075244900603867916071687949008938960154185130599716058952
6047488
60474881607430592
6047488160743059277911905972048
60474881607430592779119059720487879000410007278
604748816074305927791190597204878790004100072785
2560755057314119048
25607550573141190487897207
256075505731411904878972073050739119051
2560755057314119048789720730507391190513141593